4.36 -0.838551
30.4 -0.949969
8.36 0.974681
36.04 -0.996103
13.76 1.02971
25.44 0.402447
11.84 -0.664161
3.16 -0.118406
19.28 0.417274
20.52 0.995039
18.4 -0.534566
26 0.762558
21.64 0.343977
36.12 -0.899965
28.72 -0.331059
23.56 -0.899998
15.96 -0.249377
9.2 0.32289
15.68 0.12796
26.12 0.834519
22.12 -0.228495
25.56 0.314378
33.72 0.642985
31.2 -0.314253
33.32 1.04498
20.32 0.994969
9.32 0.00458635
29 -0.563634
32.64 0.940491
30.56 -0.855179
2.44 0.645435
17 -0.961397
10.72 -0.962269
23.68 -0.99304
32.24 0.633919
39.56 1.05822
30 -0.888032
22.08 -0.188735
5.12 -0.91807
25 -0.0323518
19.4 0.623066
6.96 0.626313
30.8 -0.577715
20.92 0.777751
24.72 -0.501122
7.72 1.09104
4.48 -1.07312
35.92 -0.878381
10.96 -1.09937
7.2 0.793668
22.84 -0.650522
36.32 -0.981685
3.52 -0.269441
17.16 -1.09296
4.36 -0.838551
23.4 -0.986916
15.04 0.619388
9.84 -0.503393
18.16 -0.636195
16.2 -0.372422
12.96 0.483543
13.4 0.840376
28.52 -0.343202
1 0.741471
38.52 0.631751
17.36 -1.0967
25.56 0.414378
17.4 -0.892659
6.6 0.211541
29.36 -0.984614
20.28 0.890167
25.96 0.636079
35.52 -0.920612
16.2 -0.372422
22.88 -0.876348
2.32 0.632231
33.24 1.0681
8.24 0.826415
21.4 0.457315
12.4 -0.165604
3.76 -0.579738
8.16 1.05354
13.2 0.692074
15.4 0.403118
4.12 -0.829609
32.16 0.67729
28.56 -0.181797
24.16 -0.926432
24.92 -0.21114
17.4 -0.892659
37.68 -0.0191107
26.36 0.941569
16.36 -0.606807
39.88 0.819595
34 0.629083
11.2 -1.07918
4.24 -0.790484
20.44 0.899807
10.44 -0.749598
33.24 0.968096
