0 0 1 0 0 0 0 0 0 1 x= 1.25977 y= -0.464875
1 0 1 1 0 1 0 0 1 0 x= 7.05078 y= -0.753199
0 0 0 1 1 1 0 1 0 1 x= 1.14258 y= -0.405539
0 0 0 0 0 1 0 0 1 0 x= 0.175781 y= -0.313738
1 1 1 1 1 0 0 1 0 1 x= 9.73633 y= -0.754424


0 0 0 1 1 1 0 0 1 1 C= 1.12305 E= -0.396361
0 0 1 0 0 0 0 0 0 0 C= 1.25 E= -0.459622
0 0 0 0 0 0 0 0 0 1 C= 0.00976562 E= -0.74519
0 0 0 0 0 1 0 0 1 0 C= 0.175781 E= -0.313738
0 0 0 0 1 1 0 0 1 0 C= 0.488281 E= -0.211213


0 0 0 0 1 1 0 0 1 0 C= 0.488281 E= -0.211213
0 0 0 0 0 1 0 0 1 0 C= 0.175781 E= -0.313738
0 0 0 1 1 1 0 1 0 0 C= 1.13281 E= -0.400983
0 0 0 0 1 1 0 1 1 1 C= 0.537109 E= -0.215701
0 0 0 1 0 1 0 0 0 1 C= 0.791016 E= -0.250888


0 0 0 1 1 1 0 0 1 0 C= 1.11328 E= -0.39172
0 0 0 1 0 1 0 1 0 0 C= 0.820312 E= -0.261243
0 0 0 0 0 1 0 0 0 1 C= 0.166016 E= -0.315429
0 0 0 0 1 1 1 0 0 0 C= 0.546875 E= -0.217248
0 0 0 1 1 1 0 0 1 0 C= 1.11328 E= -0.39172


0 0 0 0 0 1 0 0 0 0 C= 0.15625 E= -0.347812
0 0 0 0 1 1 1 0 0 0 C= 0.546875 E= -0.217248
0 0 0 0 1 1 1 0 0 0 C= 0.546875 E= -0.217248
0 0 0 0 1 1 0 0 1 1 C= 0.498047 E= -0.211474
0 0 0 1 0 1 1 0 0 0 C= 0.859375 E= -0.275232


0 0 1 0 1 1 0 0 1 1 C= 1.74805 E= -0.697719
0 0 0 0 1 1 1 0 0 0 C= 0.546875 E= -0.217248
0 0 0 0 1 1 1 0 1 0 C= 0.566406 E= -0.220665
0 0 0 0 1 1 0 0 1 1 C= 0.498047 E= -0.211474
0 0 0 0 1 1 1 0 0 0 C= 0.546875 E= -0.217248


0 0 0 0 1 1 1 0 0 0 C= 0.546875 E= -0.217248
1 0 0 1 1 1 1 0 0 0 C= 6.17188 E= -0.76776
0 0 1 0 1 1 0 0 1 1 C= 1.74805 E= -0.697719
0 0 0 0 0 1 1 0 1 1 C= 0.263672 E= -0.210918
0 0 0 0 1 1 1 0 0 0 C= 0.546875 E= -0.217248


0 0 0 0 0 1 1 0 0 0 C= 0.234375 E= -0.216596
0 0 0 0 1 1 1 0 0 1 C= 0.556641 E= -0.218893
1 0 0 1 1 1 1 0 0 0 C= 6.17188 E= -0.76776
0 0 0 0 1 1 1 0 0 0 C= 0.546875 E= -0.217248
0 1 0 0 0 1 1 0 1 1 C= 2.76367 E= -0.843733


0 0 0 0 1 0 1 1 0 0 C= 0.429688 E= -0.210139
0 0 1 0 0 1 1 1 0 0 C= 1.52344 E= -0.600608
0 0 1 0 0 1 1 0 0 0 C= 1.48438 E= -0.581264
0 0 0 0 0 1 1 0 1 0 C= 0.253906 E= -0.211324
0 0 0 0 0 1 1 0 0 0 C= 0.234375 E= -0.216596


0 0 0 0 0 1 1 0 0 0 C= 0.234375 E= -0.216596
0 1 0 1 1 0 1 0 0 0 C= 3.51562 E= -0.777234
0 0 0 0 1 0 0 1 0 0 C= 0.351562 E= -0.187887
0 0 0 0 0 1 1 0 0 0 C= 0.234375 E= -0.216596
0 0 0 0 1 0 1 1 0 0 C= 0.429688 E= -0.210139


1 0 0 0 0 0 0 1 0 0 C= 5.03906 E= -0.771883
0 0 0 0 0 0 1 0 0 0 C= 0.078125 E= -0.497887
0 0 1 0 1 0 0 1 0 0 C= 1.60156 E= -0.637449
0 0 0 0 1 0 0 0 0 0 C= 0.3125 E= -0.185377
0 0 0 0 1 0 0 1 1 0 C= 0.371094 E= -0.19112


0 0 1 0 1 1 1 0 1 0 C= 1.81641 E= -0.72294
0 0 0 1 0 0 0 1 1 0 C= 0.683594 E= -0.225443
1 0 0 1 1 0 0 0 0 0 C= 5.9375 E= -0.773752
0 0 1 0 1 0 0 1 0 0 C= 1.60156 E= -0.637449
0 0 1 0 1 0 0 1 0 1 C= 1.61133 E= -0.641806


0 0 1 0 1 1 0 1 0 1 C= 1.76758 E= -0.705018
0 0 1 0 1 0 0 1 0 1 C= 1.61133 E= -0.641806
0 0 0 1 1 0 0 1 0 0 C= 0.976562 E= -0.327468
0 0 1 0 1 0 0 1 1 1 C= 1.63086 E= -0.650416
0 0 1 1 0 0 0 1 1 0 C= 1.93359 E= -0.761584


0 0 1 0 1 1 0 1 0 1 C= 1.76758 E= -0.705018
0 0 1 1 1 0 0 1 0 0 C= 2.22656 E= -0.825444
1 0 0 1 1 0 0 1 1 0 C= 5.99609 E= -0.772323
0 0 0 1 0 0 0 1 0 0 C= 0.664062 E= -0.222423
1 0 1 0 1 1 0 1 0 1 C= 6.76758 E= -0.754842


1 0 1 1 1 0 0 1 0 0 C= 7.22656 E= -0.753702
0 0 0 0 1 1 0 1 0 1 C= 0.517578 E= -0.212702
0 1 1 0 1 1 0 1 0 1 C= 4.26758 E= -0.749958
0 0 1 0 1 1 1 1 0 1 C= 1.8457 E= -0.733278
0 0 0 1 0 0 0 1 0 0 C= 0.664062 E= -0.222423


0 0 0 0 1 1 0 1 0 1 C= 0.517578 E= -0.212702
0 0 0 1 0 0 0 1 0 1 C= 0.673828 E= -0.223919
0 0 1 0 1 1 1 1 0 1 C= 1.8457 E= -0.733278
0 0 0 0 1 1 0 1 0 1 C= 0.517578 E= -0.212702
1 0 1 1 1 0 0 1 0 0 C= 7.22656 E= -0.753702


0 0 0 0 1 1 0 0 0 1 C= 0.478516 E= -0.211686
0 0 1 0 1 1 1 1 0 1 C= 1.8457 E= -0.733278
0 0 0 1 0 0 0 1 0 0 C= 0.664062 E= -0.222423
0 0 0 0 1 0 0 1 0 1 C= 0.361328 E= -0.188992
0 0 0 1 1 0 0 1 0 1 C= 0.986328 E= -0.33199


0 0 0 0 1 0 0 1 1 1 C= 0.380859 E= -0.204289
0 0 0 0 1 1 0 0 0 1 C= 0.478516 E= -0.211686
0 0 0 0 1 1 0 1 0 1 C= 0.517578 E= -0.212702
0 1 1 1 1 0 1 1 0 1 C= 4.81445 E= -0.764999
0 0 0 0 1 0 0 1 0 1 C= 0.361328 E= -0.188992


1 1 1 1 1 1 0 1 1 1 C= 9.91211 E= -0.754193
1 0 0 0 1 0 0 1 1 1 C= 5.38086 E= -0.778394
0 0 0 0 1 0 0 0 0 1 C= 0.322266 E= -0.186647
0 0 0 0 1 0 0 1 0 1 C= 0.361328 E= -0.188992
0 0 0 0 1 0 0 1 0 0 C= 0.351562 E= -0.187887


1 1 0 0 0 0 0 1 0 1 C= 7.54883 E= -0.756783
1 1 1 1 1 1 0 0 0 1 C= 9.85352 E= -0.754232
1 1 0 0 1 0 0 1 0 0 C= 7.85156 E= -0.760183
0 1 0 0 1 0 0 0 0 1 C= 2.82227 E= -0.840442
0 0 0 0 1 0 0 1 0 1 C= 0.361328 E= -0.188992


1 1 0 0 1 0 0 1 0 1 C= 7.86133 E= -0.760286
1 1 0 0 1 1 1 1 0 1 C= 8.0957 E= -0.762231
1 1 1 0 1 0 0 1 1 1 C= 9.13086 E= -0.758215
1 1 0 1 0 0 0 1 0 1 C= 8.17383 E= -0.762611
1 0 0 0 1 1 0 1 0 1 C= 5.51758 E= -0.779033


Лучший результат:
0 0 0 0 1 0 0 0 0 0 Оптимальная размытость= 0.3125 Минимальная ошибка= -0.185377
4.36 -0.838551
30.4 -0.949969
8.36 0.974681
36.04 -0.996103
13.76 1.02971
25.44 0.402447
11.84 -0.664161
3.16 -0.118406
19.28 0.417274
20.52 0.995039
18.4 -0.534566
26 0.762558
21.64 0.343977
36.12 -0.899965
28.72 -0.331059
23.56 -0.899998
15.96 -0.249377
9.2 0.32289
15.68 0.12796
26.12 0.834519
22.12 -0.228495
25.56 0.314378
33.72 0.642985
31.2 -0.314253
33.32 1.04498
20.32 0.994969
9.32 0.00458635
29 -0.563634
32.64 0.940491
30.56 -0.855179
2.44 0.645435
17 -0.961397
10.72 -0.962269
23.68 -0.99304
32.24 0.633919
39.56 1.05822
30 -0.888032
22.08 -0.188735
5.12 -0.91807
25 -0.0323518
19.4 0.623066
6.96 0.626313
30.8 -0.577715
20.92 0.777751
24.72 -0.501122
7.72 1.09104
4.48 -1.07312
35.92 -0.878381
10.96 -1.09937
7.2 0.793668
22.84 -0.650522
36.32 -0.981685
3.52 -0.269441
17.16 -1.09296
4.36 -0.838551
23.4 -0.986916
15.04 0.619388
9.84 -0.503393
18.16 -0.636195
16.2 -0.372422
12.96 0.483543
13.4 0.840376
28.52 -0.343202
1 0.741471
38.52 0.631751
17.36 -1.0967
25.56 0.414378
17.4 -0.892659
6.6 0.211541
29.36 -0.984614
20.28 0.890167
25.96 0.636079
35.52 -0.920612
16.2 -0.372422
22.88 -0.876348
2.32 0.632231
33.24 1.0681
8.24 0.826415
21.4 0.457315
12.4 -0.165604
3.76 -0.579738
8.16 1.05354
13.2 0.692074
15.4 0.403118
4.12 -0.829609
32.16 0.67729
28.56 -0.181797
24.16 -0.926432
24.92 -0.21114
17.4 -0.892659
37.68 -0.0191107
26.36 0.941569
16.36 -0.606807
39.88 0.819595
34 0.629083
11.2 -1.07918
4.24 -0.790484
20.44 0.899807
10.44 -0.749598
33.24 0.968096
