0 0 0 0 1 1 1 0 0 1 x= 0.556641 y= -0.161555
0 1 1 0 0 0 0 0 1 0 x= 3.76953 y= -0.748951
0 0 0 0 0 1 0 1 0 1 x= 0.205078 y= -0.130332
0 0 0 1 1 0 1 1 1 0 x= 1.07422 y= -0.355119
1 1 1 0 1 1 1 1 0 0 x= 9.33594 y= -0.75871


0 0 0 0 1 1 1 0 0 1 C= 0.556641 E= -0.161555
0 0 0 0 0 1 1 0 0 1 C= 0.244141 E= -0.129517
0 0 0 0 0 1 1 0 0 0 C= 0.234375 E= -0.128646
0 0 1 0 0 1 0 1 0 1 C= 1.45508 E= -0.551076
0 0 0 1 1 1 1 1 0 1 C= 1.2207 E= -0.435679


0 0 0 0 0 1 0 0 0 1 C= 0.166016 E= -0.130298
0 1 1 0 0 1 1 1 0 1 C= 4.0332 E= -0.74629
0 0 1 0 1 1 1 0 0 0 C= 1.79688 E= -0.687221
0 0 0 0 0 1 1 1 1 1 C= 0.302734 E= -0.129825
0 0 0 0 0 1 1 0 0 1 C= 0.244141 E= -0.129517


0 0 0 1 0 1 0 0 0 0 C= 0.78125 E= -0.219693
0 1 1 0 0 1 1 1 0 1 C= 4.0332 E= -0.74629
1 0 0 1 0 0 1 0 0 1 C= 5.71289 E= -0.75441
0 0 0 1 0 0 0 0 0 1 C= 0.634766 E= -0.178839
0 0 0 0 0 1 0 0 0 1 C= 0.166016 E= -0.130298


0 0 0 0 0 1 0 0 1 1 C= 0.185547 E= -0.130033
1 0 0 1 0 0 1 0 0 1 C= 5.71289 E= -0.75441
0 0 0 0 0 0 0 0 0 1 C= 0.00976562 E= -0.685969
1 0 1 1 1 1 0 0 0 0 C= 7.34375 E= -0.757292
1 0 0 1 0 0 1 0 0 0 C= 5.70312 E= -0.754382


0 1 0 0 0 0 1 0 0 1 C= 2.58789 E= -0.795223
0 0 0 0 0 1 1 0 0 1 C= 0.244141 E= -0.129517
0 0 0 0 0 0 1 1 0 1 C= 0.126953 E= -0.219035
0 0 1 1 1 1 0 0 0 0 C= 2.34375 E= -0.789326
0 0 0 0 0 0 0 0 1 1 C= 0.0292969 E= -0.581888


1 0 0 0 0 0 0 0 1 1 C= 5.0293 E= -0.751837
0 1 0 0 0 1 1 0 1 1 C= 2.76367 E= -0.791076
1 0 0 0 0 1 1 0 0 0 C= 5.23438 E= -0.752765
0 0 0 0 0 0 0 0 1 1 C= 0.0292969 E= -0.581888
0 1 0 0 0 0 1 1 1 1 C= 2.64648 E= -0.794416


1 0 0 0 0 0 0 1 1 1 C= 5.06836 E= -0.752027
1 0 1 0 0 0 0 0 1 1 C= 6.2793 E= -0.755745
1 0 0 0 0 1 0 0 1 1 C= 5.18555 E= -0.752559
1 0 0 0 0 0 0 0 1 1 C= 5.0293 E= -0.751837
1 0 0 0 0 1 1 0 0 0 C= 5.23438 E= -0.752765


1 0 0 0 0 1 1 0 1 1 C= 5.26367 E= -0.752885
1 0 0 0 0 1 1 0 1 1 C= 5.26367 E= -0.752885
1 0 0 0 0 0 0 0 1 1 C= 5.0293 E= -0.751837
1 0 0 0 0 0 0 1 1 1 C= 5.06836 E= -0.752027
1 0 0 0 0 0 1 0 1 1 C= 5.10742 E= -0.752211


1 0 0 0 0 0 1 0 1 1 C= 5.10742 E= -0.752211
1 0 0 0 0 0 0 1 1 1 C= 5.06836 E= -0.752027
0 0 0 0 0 1 1 0 1 1 C= 0.263672 E= -0.130921
1 0 0 0 0 0 1 1 1 1 C= 5.14648 E= -0.752388
1 0 0 0 0 1 1 0 0 0 C= 5.23438 E= -0.752765


0 1 0 1 0 1 0 0 1 1 C= 3.31055 E= -0.764097
0 0 0 0 0 0 0 0 1 1 C= 0.0292969 E= -0.581888
1 1 0 0 0 0 1 1 1 1 C= 7.64648 E= -0.757595
0 0 0 0 0 1 1 0 1 1 C= 0.263672 E= -0.130921
1 0 0 0 0 0 1 1 1 1 C= 5.14648 E= -0.752388


0 0 0 0 0 1 1 0 1 1 C= 0.263672 E= -0.130921
1 1 0 0 0 0 1 1 0 1 C= 7.62695 E= -0.757576
0 0 0 0 0 0 1 1 1 1 C= 0.146484 E= -0.219131
0 0 0 0 0 1 1 0 1 1 C= 0.263672 E= -0.130921
0 0 0 0 0 0 0 0 1 1 C= 0.0292969 E= -0.581888


0 0 0 0 0 1 1 0 1 0 C= 0.253906 E= -0.131007
0 0 0 0 0 1 1 0 1 1 C= 0.263672 E= -0.130921
0 1 1 0 0 1 1 0 1 1 C= 4.01367 E= -0.746348
0 0 0 1 0 1 1 0 0 0 C= 0.859375 E= -0.248973
0 0 0 0 0 1 1 0 1 1 C= 0.263672 E= -0.130921


0 0 0 1 0 1 1 0 0 1 C= 0.869141 E= -0.253243
0 0 0 0 0 0 1 0 1 0 C= 0.0976562 E= -0.295368
0 1 0 0 0 1 0 0 1 0 C= 2.67578 E= -0.793815
0 1 0 0 0 1 1 0 0 1 C= 2.74414 E= -0.791792
0 1 0 0 0 1 1 0 1 0 C= 2.75391 E= -0.791447


1 0 0 1 0 1 1 0 1 0 C= 5.87891 E= -0.754856
0 1 1 0 0 0 1 0 1 0 C= 3.84766 E= -0.747662
0 0 0 0 0 0 1 0 1 0 C= 0.0976562 E= -0.295368
0 0 0 0 0 1 1 0 0 0 C= 0.234375 E= -0.128646
0 1 0 0 0 1 1 0 1 1 C= 2.76367 E= -0.791076


0 0 0 0 0 1 1 0 1 0 C= 0.253906 E= -0.131007
0 1 0 0 0 1 1 0 1 0 C= 2.75391 E= -0.791447
0 0 0 0 0 0 1 0 0 0 C= 0.078125 E= -0.336908
1 0 0 0 1 1 0 0 0 0 C= 5.46875 E= -0.753648
1 0 0 1 0 1 1 0 1 0 C= 5.87891 E= -0.754856


0 0 0 0 1 1 0 0 0 1 C= 0.478516 E= -0.145431
0 0 0 0 1 1 0 0 0 0 C= 0.46875 E= -0.143609
1 0 1 0 1 1 1 0 1 0 C= 6.81641 E= -0.756639
1 0 0 1 0 0 1 0 1 0 C= 5.72266 E= -0.754438
0 1 0 0 0 1 1 0 1 0 C= 2.75391 E= -0.791447


0 0 0 0 1 1 0 0 0 1 C= 0.478516 E= -0.145431
0 0 0 1 1 1 0 0 1 0 C= 1.11328 E= -0.37588
0 0 1 0 1 1 1 0 1 0 C= 1.81641 E= -0.693341
0 0 0 1 1 1 0 0 0 0 C= 1.09375 E= -0.365565
1 0 0 1 0 1 0 0 1 0 C= 5.80078 E= -0.754653


0 0 1 0 1 1 0 0 0 1 C= 1.72852 E= -0.664372
0 0 0 1 1 1 0 0 1 0 C= 1.11328 E= -0.37588
1 0 0 0 1 1 0 0 0 0 C= 5.46875 E= -0.753648
0 0 0 1 1 1 0 0 0 1 C= 1.10352 E= -0.370773
1 0 0 0 0 0 0 0 1 0 C= 5.01953 E= -0.751789


0 0 0 1 1 1 0 0 0 1 C= 1.10352 E= -0.370773
0 0 0 1 1 1 0 1 0 1 C= 1.14258 E= -0.39257
1 0 0 0 1 1 0 0 0 0 C= 5.46875 E= -0.753648
0 0 0 0 1 1 0 0 0 1 C= 0.478516 E= -0.145431
0 0 1 0 1 1 0 0 0 1 C= 1.72852 E= -0.664372


1 0 0 0 1 1 0 0 0 1 C= 5.47852 E= -0.753681
0 0 0 0 1 1 0 0 0 1 C= 0.478516 E= -0.145431
0 0 1 1 1 1 0 1 1 1 C= 2.41211 E= -0.792944
0 0 0 1 1 0 0 0 0 1 C= 0.947266 E= -0.28862
0 0 0 0 0 1 0 0 0 1 C= 0.166016 E= -0.130298


Лучший результат:
0 0 0 0 0 1 1 0 0 0 Оптимальная размытость= 0.234375 Минимальная ошибка= -0.128646
